5
20 5 3 50 383
15 3 4 10 466
10 0 5 2 2019630
10 1 5 2 618
20 5 3 50 383
20 10 2 50 36179


   0 1 2 3 4 5 6 7 8 9 10111213141516171819
0  9 9 9 9 9 9 9 9 9 9 9 9 9 9 9 9 9 9 9 9
1  9 0 0 0 0 0 0 0 0 1 0 0 1 0 1 0 0 0 0 9
2  9 0 0 1 0 0 0 0 0 0 0 0 0 0 0 0 0 0 0 9
3  9 1 1 0 1 1 0 0 0 0 1 0 1 0 0 0 0 0 0 9
4  9 0 1 0 0 0 0 0 1 0 0 1 0 0 0 9 9 0 0 9
5  9 1 0 1 0 1 0 1 1 0 0 0 0 0 0 9 9 0 0 9
6  9 0 0 0 0 1 0 0 0 0 0 1 0 0 0 0 1 1 0 9
7  9 0 1 0 1 0 0 0 1 0 0 1 0 9 9 0 0 0 0 9
8  9 0 1 0 0 1 0 0 0 1 0 0 0 9 9 0 0 0 0 9
9  9 0 0 0 0 1 0 1 1 0 0 0 9 9 0 0 0 0 0 9
10 9 0 0 0 0 0 0 0 1 0 0 0 9 9 0 0 1 0 1 9
11 9 0 0 0 0 0 0 0 0 0 0 0 0 0 0 0 0 0 0 9
12 9 1 0 0 1 0 0 1 1 0 0 1 0 0 0 0 0 0 0 9
13 9 0 0 1 1 0 0 0 0 0 0 0 0 0 0 0 0 0 1 9
14 9 1 0 1 0 0 0 0 1 0 0 0 0 0 0 0 0 0 0 9
15 9 0 0 0 0 1 0 0 0 0 0 1 1 0 0 0 1 1 0 9
16 9 0 0 0 0 0 0 1 0 0 0 0 0 0 0 0 0 9 9 9
17 9 0 0 0 0 0 0 0 0 1 0 0 1 1 0 0 0 9 9 9
18 9 0 1 1 0 0 0 1 0 0 0 0 0 0 0 0 0 9 9 9
19 9 9 9 9 9 9 9 9 9 9 9 9 9 9 9 9 9 9 9 9
